4.158569574356079102e-01
-1.487125515937805176e+00
6.635270714759826660e-01
9.773479700088500977e-01
7.506120204925537109e-02
-4.355552792549133301e-01
-7.934753894805908203e-01
-3.357257544994354248e-01
5.444877147674560547e-01
1.582445144653320312e+00
8.935034871101379395e-01
1.916995942592620850e-01
1.039718747138977051e+00
-8.098197579383850098e-01
-4.118514657020568848e-01
4.432530701160430908e-02
9.450194239616394043e-01
2.703750133514404297e-02
-1.854040026664733887e+00
4.397953450679779053e-01
-1.012069225311279297e+00
-3.239145278930664062e-01
-6.960811614990234375e-01
-3.608896136283874512e-01
-4.624938666820526123e-01
-5.743062496185302734e-01
-1.059792280197143555e+00
2.509834170341491699e-01
7.209791541099548340e-01
-4.198547899723052979e-01
1.019010066986083984e+00
-2.600461840629577637e-01
-1.480988740921020508e+00
-6.270089745521545410e-01
-3.912818431854248047e-02
-1.650946617126464844e+00
7.149888277053833008e-01
-7.652544975280761719e-02
-5.696186423301696777e-01
5.350701808929443359e-01
-6.244416236877441406e-01
1.252936959266662598e+00
9.962203502655029297e-01
-5.708191990852355957e-01
-1.759887635707855225e-01
9.518699645996093750e-01
-1.853392124176025391e-01
6.280434131622314453e-01
-2.160012125968933105e-01
8.044100999832153320e-01
1.280285358428955078e+00
4.400317668914794922e-01
5.558956265449523926e-01
-5.816317200660705566e-01
1.424752950668334961e+00
9.543012380599975586e-01
-1.088446021080017090e+00
-1.100892543792724609e+00
-6.151036024093627930e-01
-1.212229207158088684e-01
1.235572338104248047e+00
-1.532315909862518311e-01
-7.462680339813232422e-01
-7.295131087303161621e-01
1.762403011322021484e+00
2.929494380950927734e-01
4.921100139617919922e-01
2.207697033882141113e-01
7.574152946472167969e-02
2.196640372276306152e-01
-1.793939173221588135e-01
-5.221502780914306641e-01
1.010648459196090698e-01
-5.667984485626220703e-01
-6.556679010391235352e-01
1.735506057739257812e-01
1.423508524894714355e-01
-1.160193681716918945e+00
1.155697941780090332e+00
-9.453845620155334473e-01
3.855566978454589844e-01
2.243024557828903198e-01
-1.209240853786468506e-01
-8.886626958847045898e-01
-9.779582619667053223e-01
1.316667199134826660e+00
-1.062486052513122559e+00
2.108627855777740479e-01
-6.314354538917541504e-01
-1.181601405143737793e+00
-5.952373743057250977e-01
2.031627178192138672e+00
-1.406004428863525391e-01
-1.288432836532592773e+00
-5.663734674453735352e-01
-6.546269655227661133e-01
4.995029866695404053e-01
5.908135771751403809e-01
7.519429326057434082e-01
4.012189507484436035e-01
-6.572607159614562988e-01
-9.685231447219848633e-01
-2.153694331645965576e-01
-5.743185281753540039e-01
-2.050968706607818604e-01
9.503446817398071289e-01
-3.785883486270904541e-01
-5.684980154037475586e-01
-6.532284617424011230e-02
-6.207821369171142578e-01
1.091956853866577148e+00
7.520533800125122070e-01
-2.375121414661407471e-01
9.102295637130737305e-01
-8.910810351371765137e-01
-2.333470821380615234e+00
-6.989034414291381836e-01
6.724807620048522949e-02
-3.400405347347259521e-01
-9.955388903617858887e-01
1.082506299018859863e+00
-8.908795118331909180e-01
-1.496927142143249512e-01
3.760648369789123535e-01
4.061559438705444336e-01
-7.286233305931091309e-01
1.013514995574951172e-01
2.256369590759277344e-01
-4.308313727378845215e-01
1.568300127983093262e-01
-8.919401168823242188e-01
6.173613071441650391e-01
1.249136090278625488e+00
-3.430880606174468994e-01
1.474203467369079590e+00
8.102155923843383789e-01
-2.627001404762268066e-01
-1.951089352369308472e-01
5.541087388992309570e-01
-1.192076563835144043e+00
4.506034851074218750e-01
1.152203083038330078e+00
-4.336241632699966431e-02
-1.262350201606750488e+00
2.580167055130004883e-01
-9.361888170242309570e-01
2.209295988082885742e+00
4.059956967830657959e-01
4.565692245960235596e-01
1.487633585929870605e-01
-1.365233182907104492e+00
8.632647991180419922e-02
4.274722933769226074e-01
-1.388231217861175537e-01
-1.024387717247009277e+00
-2.258791327476501465e-01
1.037902832031250000e-01
-1.047927618026733398e+00
-7.054069638252258301e-02
-5.450330376625061035e-01
-1.360928267240524292e-01
6.256803274154663086e-01
-1.587937593460083008e+00
7.009295225143432617e-01
-7.851771116256713867e-01
-3.178672492504119873e-01
-7.923560142517089844e-01
-3.440861403942108154e-01
2.764564752578735352e-01
-4.863461256027221680e-01
-1.200549960136413574e+00
9.059894084930419922e-01
-8.775357604026794434e-01
-1.988366246223449707e-03
-2.021218776702880859e+00
5.472688078880310059e-01
1.658571809530258179e-01
-4.151204228401184082e-01
2.538559436798095703e-01
-1.110619783401489258e+00
-1.004936814308166504e+00
3.427869081497192383e-02
-3.127826154232025146e-01
3.198379874229431152e-01
3.954887390136718750e-01
8.332278728485107422e-01
1.478964090347290039e-02
-2.450285851955413818e-01
1.138094425201416016e+00
-7.423005700111389160e-01
4.767474532127380371e-01
-4.726882278919219971e-01
7.217730283737182617e-01
1.492223739624023438e-01
-2.118396610021591187e-01
-9.524120688438415527e-01
4.683873057365417480e-01
1.153505086898803711e+00
-2.007030010223388672e+00
-1.873899996280670166e-01
-4.786587655544281006e-01
7.952730655670166016e-01
1.589653491973876953e-01
1.463028430938720703e+00
-1.546566486358642578e-01
4.111612737178802490e-01
7.976717352867126465e-01
1.709337234497070312e+00
9.280415773391723633e-01
1.978028416633605957e-01
2.449411600828170776e-01
-1.307415962219238281e-02
4.409009218215942383e-01
-9.434024095535278320e-01
-1.630525112152099609e+00
1.392328143119812012e-01
1.328291654586791992e+00
2.970990240573883057e-01
1.030683040618896484e+00
1.287663698196411133e+00
-1.451392889022827148e+00
-1.229432821273803711e+00
-5.608009696006774902e-01
-6.613953113555908203e-01
1.194533705711364746e-01
2.266280353069305420e-01
-3.890004754066467285e-01
-3.687918782234191895e-01
1.707431793212890625e+00
5.094366669654846191e-01
5.724698305130004883e-01
-6.295502781867980957e-01
-2.079509496688842773e+00
2.330291867256164551e-01
-4.897614419460296631e-01
-5.645576119422912598e-01
3.069843649864196777e-01
-9.221686720848083496e-01
1.947271823883056641e-01
2.249577641487121582e-01
-4.224131107330322266e-01
-1.707217216491699219e+00
-4.600030183792114258e-02
-1.721654236316680908e-01
7.298851013183593750e-02
-1.294600486755371094e+00
5.116800665855407715e-01
9.701728820800781250e-01
7.215291261672973633e-03
3.235063254833221436e-01
1.910168051719665527e+00
8.219087123870849609e-02
-5.970507860183715820e-03
-5.630028247833251953e-01
2.264727354049682617e+00
-5.331492424011230469e-02
-6.529369950294494629e-02
1.464132666587829590e+00
8.952254056930541992e-01
-5.038936138153076172e-01
6.608093976974487305e-01
-3.651312291622161865e-01
-6.783857345581054688e-01
-1.085167527198791504e+00
7.499812841415405273e-01
-3.512274920940399170e-01
9.312771558761596680e-01
-1.780836820602416992e+00
4.560251235961914062e-01
2.917104959487915039e-01
-8.466205596923828125e-01
-5.822104215621948242e-01
4.809269309043884277e-01
1.511590242385864258e+00
-2.551693618297576904e-01
-9.878471493721008301e-01
3.337362110614776611e-01
1.181946516036987305e+00
-1.862788796424865723e-01
-1.485868453979492188e+00
7.136803865432739258e-01
3.049905300140380859e-01
3.830941915512084961e-01
-8.088405132293701172e-01
-7.062618732452392578e-01
5.582666397094726562e-02
5.208655595779418945e-01
-7.965161800384521484e-01
5.705780386924743652e-01
-6.688899397850036621e-01
-9.212589263916015625e-02
-9.512864351272583008e-01
-1.386558055877685547e+00
8.928800821304321289e-01
7.881252765655517578e-01
1.201173186302185059e+00
-2.070999145507812500e-01
6.806820631027221680e-01
7.901424169540405273e-02
-7.268687486648559570e-01
3.036720156669616699e-01
-5.573391914367675781e-01
-5.736539363861083984e-01
1.407713294029235840e+00
-4.803365468978881836e-01
-7.813781499862670898e-02
-1.139323472976684570e+00
2.626391351222991943e-01
6.362608671188354492e-01
-5.549241900444030762e-01
-3.530541062355041504e-01
-3.189063444733619690e-02
2.232617139816284180e-01
1.255152225494384766e+00
4.325584769248962402e-01
4.793847203254699707e-01
-4.031324982643127441e-01
-2.094689309597015381e-01
5.314427614212036133e-01
4.199196398258209229e-01
1.229364156723022461e+00
-3.261554837226867676e-01
-8.045375347137451172e-01
-8.671332001686096191e-01
-4.544901847839355469e-01
-2.215387076139450073e-01
1.350750327110290527e+00
4.019349813461303711e-01
-6.363839507102966309e-01
9.805578589439392090e-01
-1.501012682914733887e+00
-3.434523940086364746e-01
-7.015532255172729492e-01
9.515332579612731934e-01
1.733362674713134766e-01
1.392658352851867676e-01
-4.321346879005432129e-01
4.327499866485595703e-01
9.588756561279296875e-01
1.355847716331481934e+00
2.945092916488647461e-01
-8.369901776313781738e-01
-1.146347820758819580e-01
-1.135801196098327637e+00
6.155119538307189941e-01
-3.720670938491821289e-01
-1.191359758377075195e-01
8.495342135429382324e-01
2.948527336120605469e-01
4.796625971794128418e-01
1.150332927703857422e+00
8.721312284469604492e-01
-1.736138761043548584e-01
7.577323317527770996e-01
-1.313879966735839844e+00
5.277487635612487793e-01
-1.262339353561401367e+00
-2.142904996871948242e-01
-1.437750458717346191e-01
-7.871508598327636719e-02
1.097528412938117981e-01
8.762359619140625000e-03
-6.193304061889648438e-01
4.183532595634460449e-01
2.378614693880081177e-01
-2.943098545074462891e-03
-8.034241199493408203e-01
6.558133363723754883e-01
4.415743350982666016e-01
1.139585971832275391e+00
-1.822265386581420898e-01
6.073174476623535156e-01
-4.198318719863891602e-01
8.781480193138122559e-01
1.115556240081787109e+00
-1.136809945106506348e+00
-9.249776601791381836e-02
2.381553351879119873e-01
-3.980202078819274902e-01
-8.042375445365905762e-01
-5.763948559761047363e-01
-1.251477122306823730e+00
9.272521734237670898e-01
2.597490549087524414e-01
6.107254028320312500e-01
-1.072393357753753662e-02
-2.511228621006011963e-01
2.763752341270446777e-01
-1.763163208961486816e-01
7.483980059623718262e-01
8.114644885063171387e-02
-7.328850626945495605e-01
3.621629774570465088e-01
4.420105740427970886e-02
2.955880165100097656e-01
3.610521554946899414e-02
1.241630077362060547e+00
-5.872665643692016602e-01
8.079887628555297852e-01
1.342902898788452148e+00
5.726478099822998047e-01
6.824826002120971680e-01
1.146841049194335938e-01
1.876044869422912598e-01
-3.185847103595733643e-01
1.133406519889831543e+00
8.231222033500671387e-01
-2.152995169162750244e-01
-1.169069647789001465e+00
-3.857390880584716797e-01
6.915078759193420410e-01
3.920096158981323242e-01
6.187278628349304199e-01
1.424659967422485352e+00
2.354415953159332275e-01
-1.111332416534423828e+00
7.508742809295654297e-02
5.212315320968627930e-01
8.167536258697509766e-01
8.642534017562866211e-01
1.316211223602294922e-01
-7.776945829391479492e-01
-1.653752923011779785e-01
-1.000417470932006836e+00
2.506974339485168457e-01
-4.661825895309448242e-01
-8.297833204269409180e-01
-3.573597371578216553e-01
-3.719115257263183594e-02
1.352669000625610352e-01
-3.864949941635131836e-01
-9.086258411407470703e-01
8.812206387519836426e-01
-3.775919675827026367e-01
-8.628540635108947754e-01
8.891284465789794922e-02
3.800835609436035156e-01
-5.051026940345764160e-01
-6.531621813774108887e-01
8.302247524261474609e-02
1.498771190643310547e+00
-1.540881395339965820e-01
5.912327170372009277e-01
4.042972624301910400e-01
7.554550170898437500e-01
-3.727329373359680176e-01
3.383463025093078613e-01
1.746188998222351074e-01
6.326349079608917236e-02
-7.182670831680297852e-01
-7.758736610412597656e-01
-4.983027279376983643e-01
7.110489010810852051e-01
1.014701604843139648e+00
5.643619298934936523e-01
3.854890465736389160e-01
2.974381148815155029e-01
1.059306979179382324e+00
3.449995517730712891e-01
2.445108890533447266e-01
-1.044046282768249512e-01
-8.756802678108215332e-01
-9.426528811454772949e-01
-4.490596055984497070e-02
-1.593675255775451660e+00
9.759494662284851074e-02
8.336080312728881836e-01
-2.441922724246978760e-01
3.412812650203704834e-01
-9.295082092285156250e-01
1.915651321411132812e+00
-2.076401710510253906e+00
-2.574189901351928711e-01
8.123993873596191406e-01
3.271856307983398438e-01
6.036152839660644531e-01
-5.717306137084960938e-01
3.010545372962951660e-01
1.466850280761718750e+00
-3.803519606590270996e-01
-7.723708152770996094e-01
-6.004136800765991211e-01
-3.284384608268737793e-01
-1.267319917678833008e-02
8.068436384201049805e-01
-1.673132181167602539e-03
-1.305015325546264648e+00
-6.436385512351989746e-01
-1.509546160697937012e+00
-1.709699630737304688e-01
5.109734535217285156e-01
7.881156802177429199e-01
7.607233524322509766e-02
3.681527376174926758e-01
8.373067378997802734e-01
-4.849503636360168457e-01
-5.392482280731201172e-01
1.924726217985153198e-01
2.910274267196655273e-01
1.230182051658630371e+00
-3.479529023170471191e-01
-1.122287631034851074e+00
-5.659457445144653320e-01
-9.168370962142944336e-01
1.204853177070617676e+00
-8.006306886672973633e-01
2.445715218782424927e-01
4.429705142974853516e-01
9.037554264068603516e-01
-1.030471801757812500e+00
3.696141839027404785e-01
7.477676868438720703e-01
6.361713409423828125e-01
-1.607711791992187500e+00
-1.306804418563842773e+00
4.341164231300354004e-02
-9.823757410049438477e-02
-2.895109355449676514e-02
1.348566293716430664e+00
-6.068302392959594727e-01
3.193525373935699463e-01
7.461934089660644531e-01
1.187624186277389526e-01
1.177321374416351318e-01
4.259116053581237793e-01
-1.042659878730773926e+00
-3.526902794837951660e-01
5.824045538902282715e-01
-4.506241530179977417e-02
1.639791131019592285e-01
-9.493918418884277344e-01
-4.629794359207153320e-01
4.006385803222656250e-02
-9.772957563400268555e-01
-6.809389591217041016e-01
-5.837498307228088379e-01
-9.976131916046142578e-01
-9.438163042068481445e-02
-9.714336395263671875e-01
6.739175319671630859e-01
3.454977869987487793e-01
3.185650110244750977e-01
-1.873677819967269897e-01
6.484885215759277344e-01
-1.328549504280090332e+00
-1.204928994178771973e+00
-3.367683887481689453e-01
-1.993656396865844727e+00
6.497128605842590332e-01
7.196802496910095215e-01
-8.806357979774475098e-01
9.844574928283691406e-01
-5.867375135421752930e-01
1.129927396774291992e+00
1.740068078041076660e+00
6.612221002578735352e-01
-6.127393245697021484e-01
2.617486953735351562e+00
4.118261337280273438e-01
1.411121487617492676e+00
-9.072939157485961914e-01
-1.805638372898101807e-01
2.999230623245239258e-01
1.953350305557250977e-01
-2.916263639926910400e-01
-4.615506529808044434e-01
5.455586314201354980e-01
2.831054031848907471e-01
-7.677097320556640625e-01
-5.754991769790649414e-01
1.820214271545410156e+00
3.172029852867126465e-01
6.216583847999572754e-01
-1.115067377686500549e-01
-7.035541534423828125e-02
-2.898105084896087646e-01
7.922048568725585938e-01
-5.455415248870849609e-01
4.265102148056030273e-01
1.393011450767517090e+00
-6.366946101188659668e-01
8.644348978996276855e-01
-3.025195896625518799e-01
-3.344883322715759277e-01
7.306853532791137695e-01
-4.068809747695922852e-02
-1.103793740272521973e+00
1.159394860267639160e+00
-4.133839607238769531e-01
-9.702076911926269531e-01
6.753857731819152832e-01
-1.707663297653198242e+00
1.148584842681884766e+00
3.661853373050689697e-01
-6.439851522445678711e-01
-4.277974367141723633e-01
-9.731522798538208008e-01
1.160767674446105957e+00
-2.600059509277343750e-01
3.034508228302001953e-02
3.812872469425201416e-01
-1.391022324562072754e+00
6.089299917221069336e-02
1.434368729591369629e+00
4.926872253417968750e-01
-3.918123245239257812e-01
-2.622308731079101562e-01
-4.228535294532775879e-01
-4.312362670898437500e-01
1.305126696825027466e-01
2.086802244186401367e+00
7.298154234886169434e-01
5.548244118690490723e-01
4.017404913902282715e-01
6.938639283180236816e-01
-8.685831427574157715e-01
-1.011981248855590820e+00
-2.169106453657150269e-01
2.576825618743896484e-01
1.047652363777160645e-01
-1.578763127326965332e-01
8.123840689659118652e-01
1.082657814025878906e+00
2.745932340621948242e-01
4.729704260826110840e-01
-2.319198846817016602e-02
4.279474616050720215e-01
-1.536795258522033691e+00
-3.697780966758728027e-01
1.400636672973632812e+00
4.335891604423522949e-01
-8.345466256141662598e-01
6.861673593521118164e-01
-3.974089622497558594e-01
-6.823626756668090820e-01
5.274946689605712891e-01
8.812288641929626465e-01
-2.849943637847900391e-01
6.302516460418701172e-01
3.265524506568908691e-01
-9.744209051132202148e-01
-4.329321682453155518e-01
-9.224650859832763672e-01
8.137128353118896484e-01
-6.686758399009704590e-01
-1.424707651138305664e+00
9.958692789077758789e-01
6.663115024566650391e-01
3.780940175056457520e-01
7.806095480918884277e-01
4.645359516143798828e-01
-1.805311560630798340e+00
-6.416856497526168823e-02
1.239993870258331299e-01
-9.790969491004943848e-01
5.605370998382568359e-01
-1.021137833595275879e+00
-5.253604650497436523e-01
1.757777214050292969e+00
8.105574846267700195e-01
-1.087650060653686523e-01
8.236442506313323975e-02
-6.456723213195800781e-01
8.092131018638610840e-01
5.590204596519470215e-01
-1.135768175125122070e+00
-1.330592632293701172e-01
-2.139163017272949219e-02
-1.089128255844116211e+00
-1.016130089759826660e+00
1.253931045532226562e+00
-1.368145942687988281e-01
-1.490656852722167969e+00
2.421173453330993652e-01
-6.766758561134338379e-01
1.325768083333969116e-01
1.033592224121093750e-02
-6.442151069641113281e-01
-1.480452418327331543e+00
4.939170181751251221e-01
1.948537230491638184e-01
-6.350641846656799316e-01
-2.166492700576782227e+00
-7.411190867424011230e-01
4.813817143440246582e-01
-6.852663755416870117e-01
-9.693509340286254883e-02
4.093243479728698730e-01
1.068231582641601562e+00
-1.584155082702636719e+00
-9.248796701431274414e-01
-9.388022422790527344e-01
3.156256675720214844e-01
1.733334064483642578e-01
-5.180063247680664062e-01
6.240320205688476562e-02
-7.596459984779357910e-01
6.120924949645996094e-01
9.965351223945617676e-02
4.564832150936126709e-01
-7.362198829650878906e-01
6.539672613143920898e-02
4.768097400665283203e-02
4.524868428707122803e-01
1.604408919811248779e-01
2.911368012428283691e-02
-5.968406796455383301e-01
-1.702205896377563477e+00
-5.937725305557250977e-01
1.139775514602661133e+00
-1.021829843521118164e+00
-1.335877060890197754e+00
-3.051631152629852295e-01
-3.371721506118774414e-01
9.666076302528381348e-01
-2.319271564483642578e-01
-8.774327039718627930e-01
6.752523183822631836e-01
2.708748579025268555e-01
2.059418916702270508e+00
3.692672550678253174e-01
8.670220375061035156e-01
-1.665814369916915894e-01
2.854664325714111328e-01
-3.355633616447448730e-01
9.407809376716613770e-02
-1.793143153190612793e+00
6.174703240394592285e-01
1.415228366851806641e+00
4.794572591781616211e-01
5.035787820816040039e-01
4.980313181877136230e-01
-9.170328378677368164e-01
-1.108474493026733398e+00
4.886779487133026123e-01
-4.464708268642425537e-01
-6.740125417709350586e-01
-7.653659582138061523e-01
-2.119235992431640625e-01
-1.251073479652404785e-01
1.453244447708129883e+00
7.630998492240905762e-01
1.194455623626708984e+00
-2.395684123039245605e-01
-1.828132987022399902e+00
7.050002813339233398e-01
-7.829141616821289062e-01
1.193125545978546143e-02
1.147573590278625488e-01
-3.755546808242797852e-01
-9.496783614158630371e-01
1.745869070291519165e-01
9.491121768951416016e-02
-6.619768738746643066e-01
5.315479636192321777e-01
-1.173423051834106445e+00
-1.298731565475463867e-02
-6.569699048995971680e-01
7.876044511795043945e-01
1.593514084815979004e-01
-4.836727976799011230e-01
1.051105976104736328e+00
1.945781469345092773e+00
-7.452428340911865234e-01
8.102215528488159180e-01
1.357337832450866699e-01
9.766745567321777344e-01
-3.780210018157958984e-02
-5.284385681152343750e-01
7.680698037147521973e-01
5.424091815948486328e-01
-5.454716682434082031e-01
-7.162533998489379883e-01
-2.114952206611633301e-01
6.692951917648315430e-02
-8.362395763397216797e-01
5.376849174499511719e-01
7.215526700019836426e-01
3.291928768157958984e-02
3.073405623435974121e-01
-4.950402081012725830e-01
-4.518125653266906738e-01
8.511010408401489258e-01
1.418295204639434814e-01
2.217038273811340332e-01
1.033004641532897949e+00
-1.135412454605102539e+00
2.048554122447967529e-01
-1.263143539428710938e+00
1.424751520156860352e+00
-4.399254918098449707e-02
4.914783239364624023e-01
1.476752460002899170e-01
2.717957496643066406e-01
-1.890798807144165039e-01
-1.336282253265380859e+00
-1.874206066131591797e-01
-3.423211574554443359e-01
1.085494637489318848e+00
9.747064113616943359e-02
6.217955350875854492e-01
5.156087875366210938e-02
2.239432334899902344e-01
-2.511184215545654297e+00
-2.452016472816467285e-01
7.314789295196533203e-01
4.716830253601074219e-01
7.060118913650512695e-01
-8.934978246688842773e-01
6.198432445526123047e-01
3.706024289131164551e-01
-8.537378311157226562e-01
1.063085794448852539e+00
-2.919161617755889893e-01
3.619952797889709473e-01
9.357529878616333008e-02
-2.761930227279663086e-01
-3.547751903533935547e-02
-6.294109225273132324e-01
1.214617729187011719e+00
7.009382247924804688e-01
6.529025435447692871e-01
6.791035532951354980e-01
-3.749451041221618652e-01
5.650329589843750000e-01
5.340727567672729492e-01
-1.331400752067565918e+00
1.374914646148681641e-01
5.800200700759887695e-01
3.288773894309997559e-01
-5.433385372161865234e-01
8.899598121643066406e-01
2.385238409042358398e+00
4.903674125671386719e-02
-1.386419296264648438e+00
-4.902233183383941650e-01
-6.320720911026000977e-01
-6.537955999374389648e-01
8.112902939319610596e-02
1.046065688133239746e+00
-7.334911227226257324e-01
8.498495817184448242e-01
-6.651119589805603027e-01
3.141918778419494629e-01
-2.535848915576934814e-01
6.297878026962280273e-01
-1.667142391204833984e+00
2.057508230209350586e-01
1.641038358211517334e-01
4.536983966827392578e-01
1.611261487007141113e+00
1.220652699470520020e+00
1.536082267761230469e+00
6.061774492263793945e-02
-5.686703920364379883e-01
-2.219353437423706055e+00
1.625925302505493164e-03
-8.947890996932983398e-01
2.714108228683471680e-01
-2.631646394729614258e-02
1.791826963424682617e+00
1.210235357284545898e+00
6.154232025146484375e-01
1.397354960441589355e+00
9.215264320373535156e-01
2.326424717903137207e-01
-3.515737056732177734e-01
9.081187844276428223e-02
-1.209443330764770508e+00
-1.196097433567047119e-01
-6.903722882270812988e-02
-1.288130283355712891e+00
1.339199900627136230e+00
-1.057956457138061523e+00
-8.432168960571289062e-01
3.860488533973693848e-01
-7.909452915191650391e-01
7.924252748489379883e-02
-4.177814722061157227e-02
8.941115140914916992e-01
-1.744099855422973633e-01
2.935925424098968506e-01
-1.304989457130432129e-01
4.884643256664276123e-01
-1.599782347679138184e+00
7.600074410438537598e-01
1.627998113632202148e+00
1.100495532155036926e-01
4.574625194072723389e-01
-6.150297522544860840e-01
3.462938964366912842e-01
-3.638024926185607910e-01
-1.410857200622558594e+00
-1.678060770034790039e+00
1.247352242469787598e+00
-2.386726737022399902e-01
4.011752605438232422e-01
2.311961352825164795e-02
-8.741027116775512695e-02
2.744868099689483643e-01
-2.810225188732147217e-01
1.498168230056762695e+00
3.876944482326507568e-01
-9.022777080535888672e-01
4.503898024559020996e-01
-4.015064537525177002e-01
5.206840634346008301e-01
-8.857831954956054688e-01
6.849423646926879883e-01
-1.439098954200744629e+00
1.163667559623718262e+00
1.694064259529113770e+00
-4.763695597648620605e-02
3.180837631225585938e-01
-2.468404173851013184e-01
1.057727098464965820e+00
-8.570432662963867188e-01
9.789941310882568359e-01
9.748556017875671387e-01
-1.244222998619079590e+00
-9.848273396492004395e-01
5.464105606079101562e-01
7.388164401054382324e-01
1.976737976074218750e+00
3.755445480346679688e-01
2.180910706520080566e-01
3.744454979896545410e-01
-1.530074238777160645e+00
-7.246487736701965332e-01
-2.054048180580139160e-01
9.550362825393676758e-01
-3.253233432769775391e-02
-4.644283652305603027e-01
-1.730426669120788574e+00
-2.047276794910430908e-01
-4.764693975448608398e-02
-2.024048864841461182e-01
4.629459977149963379e-01
-6.384143829345703125e-01
-9.509133100509643555e-01
-1.127892434597015381e-01
4.539300203323364258e-01
-3.602702617645263672e-01
-1.167966127395629883e+00
1.369204044342041016e+00
-8.857942223548889160e-01
-1.298234224319458008e+00
-5.568678379058837891e-01
1.243585228919982910e+00
6.026806831359863281e-01
-3.741640448570251465e-01
-1.453844666481018066e+00
3.628942966461181641e-01
5.351021885871887207e-03
8.201866745948791504e-01
1.133540153503417969e+00
5.401403307914733887e-01
-5.427199006080627441e-01
-1.285503387451171875e+00
-5.245521068572998047e-01
3.469351530075073242e-01
2.575871348381042480e-02
-1.757237076759338379e+00
6.669498980045318604e-02
5.895079970359802246e-01
4.018654227256774902e-01
5.828016996383666992e-01
-1.174034595489501953e+00
3.897704482078552246e-01
1.462804794311523438e+00
-3.892168998718261719e-01
8.709381818771362305e-01
-7.283445000648498535e-01
-1.373380541801452637e+00
-2.146041393280029297e-01
-4.784072041511535645e-01
-1.816569924354553223e+00
8.713138103485107422e-02
2.422262132167816162e-01
2.195282578468322754e-01
-1.377819180488586426e-01
-6.548024415969848633e-01
2.264121055603027344e+00
-1.091830611228942871e+00
-5.836259126663208008e-01
1.034889340400695801e+00
8.574599623680114746e-01
2.223588705062866211e+00
-1.090443611145019531e+00
2.407630085945129395e-01
9.542318582534790039e-01
5.310564041137695312e-01
-3.721901774406433105e-01
-6.759690046310424805e-01
-1.011834263801574707e+00
1.570271492004394531e+00
8.609495162963867188e-01
4.081616401672363281e-01
-8.386617898941040039e-02
-3.986359238624572754e-01
-9.469075202941894531e-01
-3.048105835914611816e-01
-1.177959561347961426e+00
-1.152954339981079102e+00
5.748775005340576172e-01
9.844931960105895996e-01
1.138887107372283936e-01
-9.748520851135253906e-01
-4.722627401351928711e-01
5.800081491470336914e-01
4.938438534736633301e-01
1.972812414169311523e-02
4.259348511695861816e-01
-8.099920749664306641e-01
-6.633077859878540039e-01
-2.187573015689849854e-01
5.215365886688232422e-01
-5.773788690567016602e-01
2.058905214071273804e-01
6.292439699172973633e-01
5.707836747169494629e-01
-3.596858680248260498e-01
7.135955691337585449e-01
6.804942488670349121e-01
1.251666307449340820e+00
-2.424634695053100586e+00
-1.006738424301147461e+00
-2.859585881233215332e-01
9.205867648124694824e-01
-2.230196237564086914e+00
7.926383018493652344e-01
-1.647552251815795898e+00
4.803213179111480713e-01
1.101927518844604492e+00
7.504424452781677246e-01
1.235874533653259277e+00
8.188849687576293945e-02
-9.709364771842956543e-01
-1.501690030097961426e+00
3.169112205505371094e-01
-2.287693023681640625e-01
1.075048804283142090e+00
-5.625038146972656250e-01
-8.629018068313598633e-02
7.298354506492614746e-01
-5.636336803436279297e-01
-1.674903631210327148e+00
3.295730650424957275e-01
2.956827282905578613e-01
-8.843657970428466797e-01
-1.596080541610717773e+00
1.241211444139480591e-01
7.221593260765075684e-01
-7.282490730285644531e-01
-1.768882125616073608e-01
-6.360750794410705566e-01
-1.266834855079650879e+00
-7.817967534065246582e-01
2.778267860412597656e-01
-6.573050618171691895e-01
1.395866274833679199e+00
5.698907971382141113e-01
-2.028292417526245117e-01
1.789743304252624512e-01
-1.441202312707901001e-02
1.596517205238342285e+00
2.738963603973388672e+00
4.599400460720062256e-01
-7.076768875122070312e-01
1.026093602180480957e+00
1.860651373863220215e-01
1.330585956573486328e+00
-8.455605506896972656e-01
-2.332489043474197388e-01
3.779633045196533203e-01
8.093479871749877930e-01
3.123676031827926636e-02
-1.632668495178222656e+00
-7.072181105613708496e-01
-3.481017351150512695e-01
-4.138216972351074219e-01
-3.924095332622528076e-01
2.930734634399414062e+00
3.167806267738342285e-01
1.587041616439819336e+00
-1.134999036788940430e+00
-2.405095100402832031e-02
-4.539530873298645020e-01
8.944633007049560547e-01
-2.512712776660919189e-01
-7.556017041206359863e-01
1.234286308288574219e+00
-1.358259320259094238e-01
9.261026978492736816e-01
2.621963024139404297e-01
5.375723838806152344e-01
8.905142545700073242e-01
-4.658206701278686523e-01
-2.032307624816894531e+00
1.098597764968872070e+00
-1.437677860260009766e+00
-4.189761579036712646e-01
1.830644369125366211e+00
-1.041054368019104004e+00
1.311304092407226562e+00
7.270679473876953125e-01
-1.542685627937316895e+00
-3.876051902770996094e-01
-6.965390443801879883e-01
1.310311079025268555e+00
9.601096510887145996e-01
5.022773146629333496e-01
6.957416534423828125e-01
-9.420061111450195312e-01
1.611825823783874512e-01
1.668435931205749512e+00
3.943859338760375977e-01
-1.317622423171997070e+00
-1.142244338989257812e-01
-1.045087695121765137e+00
-9.337588548660278320e-01
-6.684607863426208496e-01
2.414872646331787109e+00
1.219937086105346680e+00
8.287472724914550781e-01
5.564089417457580566e-01
1.103813052177429199e+00
-1.089424014091491699e+00
6.597107648849487305e-01
2.512144446372985840e-01
-2.159812152385711670e-01
-1.457457900047302246e+00
8.004378676414489746e-01
8.474473357200622559e-01
9.250113964080810547e-01
2.157459706068038940e-01
-4.420262575149536133e-01
9.788653254508972168e-01
-2.239820063114166260e-01
-2.630949974060058594e+00
8.627811670303344727e-01
2.950578927993774414e-02
-7.863855361938476562e-02
-8.031773567199707031e-01
1.106451272964477539e+00
-4.980783760547637939e-01
4.899632930755615234e-01
-3.005965650081634521e-01
1.647266149520874023e+00
2.192592024803161621e-01
1.344318509101867676e+00
-1.586873270571231842e-02
-8.540570735931396484e-01
-4.905333817005157471e-01
7.759873270988464355e-01
9.493512511253356934e-01
-6.542273759841918945e-01
-1.415092349052429199e+00
2.169614076614379883e+00
2.479852885007858276e-01
-5.063223838806152344e-02
-4.697254300117492676e-01
3.621772229671478271e-01
-1.709418654441833496e+00
-1.038737773895263672e+00
9.666165113449096680e-01
1.026205122470855713e-01
-6.264197826385498047e-01
-7.479177117347717285e-01
-3.976903259754180908e-01
1.667095184326171875e+00
6.960555911064147949e-01
2.072303593158721924e-01
9.935563802719116211e-01
-1.011346340179443359e+00
1.012834906578063965e+00
1.592489480972290039e+00
-2.042692422866821289e+00
-1.039351224899291992e+00
-7.174572348594665527e-01
-9.706286787986755371e-01
4.871227145195007324e-01
8.122521042823791504e-01
-6.978635489940643311e-02
-1.155626177787780762e+00
5.277723073959350586e-01
-1.470656752586364746e+00
1.296821832656860352e+00
-8.313252329826354980e-01
-6.911287307739257812e-01
-1.791067361831665039e+00
3.710015118122100830e-01
7.494556307792663574e-01
-1.457659482955932617e+00
-1.618798494338989258e+00
-1.079465270042419434e+00
1.928005814552307129e-01
5.654650926589965820e-01
-9.265115261077880859e-01
5.802969932556152344e-01
1.218085289001464844e-01
-1.413218259811401367e+00
-1.857395052909851074e+00
-1.165996432304382324e+00
1.863637566566467285e-01
-7.016083598136901855e-02
-5.496805906295776367e-01
1.430975794792175293e-01
-1.201850771903991699e-01
-3.612156510353088379e-01
1.003235101699829102e+00
4.495620131492614746e-01
1.698901653289794922e-01
1.566356122493743896e-01
7.415287494659423828e-01
-6.741579174995422363e-01
-9.004145860671997070e-03
-1.444956958293914795e-01
-4.958798885345458984e-01
-8.697398900985717773e-01
-5.221092700958251953e-01
8.496735692024230957e-01
-1.271631360054016113e+00
-3.298681676387786865e-01
-1.110497474670410156e+00
2.255740016698837280e-01
1.438055276870727539e+00
1.538569211959838867e+00
-4.816763401031494141e-01
1.030706763267517090e+00
3.678911328315734863e-01
1.409314990043640137e+00
1.543046355247497559e+00
1.801664531230926514e-01
1.763103008270263672e-01
-2.306985259056091309e-01
7.347980737686157227e-01
-4.042275547981262207e-01
-8.064307570457458496e-01
1.299057126045227051e+00
1.371951580047607422e+00
-3.208461105823516846e-01
-8.405095338821411133e-02
6.208109855651855469e-02
-1.745902299880981445e-01
-1.039263486862182617e+00
7.268704771995544434e-01
-7.277046442031860352e-01
3.525979518890380859e-01
-6.081605553627014160e-01
9.174628853797912598e-01
1.856721043586730957e-01
1.605809211730957031e+00
8.178726434707641602e-01
1.015046238899230957e+00
-4.214247167110443115e-01
-1.688978791236877441e+00
1.249607324600219727e+00
-1.167566657066345215e+00
3.636910021305084229e-01
6.548560261726379395e-01
5.315166711807250977e-02
-8.081067204475402832e-01
-2.980925142765045166e-02
8.334385752677917480e-01
-8.805722594261169434e-01
2.170819044113159180e-01
1.564509630203247070e+00
4.696858525276184082e-01
-3.816854357719421387e-01
-3.887606263160705566e-01
-2.179347276687622070e-01
-3.760942220687866211e-01
9.039891958236694336e-01
1.982408881187438965e+00
-1.547696888446807861e-01
1.075373291969299316e+00
-7.040941715240478516e-02
-2.052810788154602051e-02
-4.038099646568298340e-01
-1.758975744247436523e+00
7.797918319702148438e-01
5.710616707801818848e-01
-7.612833976745605469e-01
-8.344520330429077148e-01
-1.753304302692413330e-01
-4.213196039199829102e-02
-1.588404178619384766e+00
6.953572034835815430e-01
5.639225840568542480e-01
-4.758079051971435547e-01
-3.761520981788635254e-01
-5.238244533538818359e-01
-5.084125995635986328e-01
2.990352809429168701e-01
5.944504737854003906e-01
9.546875953674316406e-03
-1.100587844848632812e-01
-1.568419456481933594e+00
-3.382067084312438965e-01
-4.721713066101074219e-02
1.571921110153198242e-01
-1.386848449707031250e+00
-7.049434185028076172e-01
5.636547803878784180e-01
7.329320907592773438e-02
2.514480650424957275e-01
1.539319753646850586e-02
-7.022234201431274414e-01
-5.151796936988830566e-01
2.068444252014160156e+00
4.690079689025878906e-01
1.322618722915649414e+00
-8.398368954658508301e-02
6.531524658203125000e-01
-2.839641809463500977e+00
-7.891669869422912598e-02
1.562678813934326172e+00
-6.563072204589843750e-01
1.120161414146423340e+00
-6.301214694976806641e-01
3.216197788715362549e-01
7.186107039451599121e-01
-8.614207804203033447e-02
5.514034628868103027e-02
1.127921462059020996e+00
1.148754358291625977e+00
3.445538282394409180e-01
-1.106348752975463867e+00
-5.665137171745300293e-01
-1.186894536018371582e+00
2.103723138570785522e-01
8.517297506332397461e-01
1.427229493856430054e-01
1.297142028808593750e+00
-8.493560552597045898e-01
1.524998307228088379e+00
1.073398232460021973e+00
-2.058797627687454224e-01
4.981300234794616699e-01
2.155416607856750488e-01
2.041961848735809326e-01
-1.281637907028198242e+00
1.463504076004028320e+00
2.244448184967041016e+00
2.780159711837768555e-01
-8.591306209564208984e-02
-4.811142385005950928e-01
1.841206997632980347e-01
-3.142206668853759766e-01
-4.380790591239929199e-01
3.194547891616821289e-01
5.414475798606872559e-01
3.858855962753295898e-01
-3.417233824729919434e-01
2.077544927597045898e-01
-1.333090662956237793e+00
1.207220196723937988e+00
-8.839552998542785645e-01
-6.830515265464782715e-01
8.596839308738708496e-01
5.247106552124023438e-01
6.341173648834228516e-01
8.424744606018066406e-01
1.337271213531494141e+00
-6.575013399124145508e-01
2.012174367904663086e+00
-1.979193687438964844e+00
-6.340115070343017578e-01
-9.015208482742309570e-02
-5.635750293731689453e-02
-7.951208353042602539e-01
-1.446678161621093750e+00
8.418505787849426270e-01
1.604874491691589355e+00
4.220147728919982910e-01
5.318793654441833496e-02
-6.300101280212402344e-01
-1.006380915641784668e-01
7.214325070381164551e-01
-1.144998550415039062e+00
8.030626177787780762e-01
1.645833253860473633e-01
-1.108102083206176758e+00
2.600252628326416016e-01
-7.639808952808380127e-02
-1.361635923385620117e+00
4.160884618759155273e-01
-7.789779901504516602e-01
-1.123233199119567871e+00
6.531288623809814453e-01
1.135246872901916504e+00
-1.190048933029174805e+00
1.077803730964660645e+00
-9.654856920242309570e-01
1.529999256134033203e+00
-9.412362575531005859e-01
8.187561631202697754e-01
1.180506110191345215e+00
7.183781266212463379e-01
4.200219213962554932e-01
-6.750422120094299316e-01
2.103398740291595459e-01
-4.922357201576232910e-01
-1.610452175140380859e+00
-5.919713973999023438e-01
1.145880937576293945e+00
-5.769563317298889160e-01
-1.043899431824684143e-01
-2.086743712425231934e-01
3.088089227676391602e-01
3.820107579231262207e-01
-8.946183919906616211e-01
2.079617261886596680e+00
4.706892073154449463e-01
-1.943439692258834839e-01
-4.081325232982635498e-01
-2.526533603668212891e+00
1.117488265037536621e+00
4.082576930522918701e-02
-6.209459900856018066e-01
-5.554761290550231934e-01
9.279760122299194336e-01
8.952986001968383789e-01
4.115015864372253418e-01
-8.482276201248168945e-01
5.307680964469909668e-01
1.818448752164840698e-01
-1.024132072925567627e-01
1.047940731048583984e+00
5.543364882469177246e-01
-1.453843593597412109e+00
-7.946405410766601562e-01
2.721931636333465576e-01
-2.896308302879333496e-01
2.249500751495361328e+00
3.826115727424621582e-01
2.226455807685852051e-01
9.366521239280700684e-01
-2.371514797210693359e+00
8.361953496932983398e-01
1.198502779006958008e+00
6.448693871498107910e-01
1.905871033668518066e-01
-8.442424535751342773e-01
-4.449315071105957031e-01
-3.034268021583557129e-01
-2.297177910804748535e-02
1.253010034561157227e+00
-3.043744564056396484e-01
2.326354384422302246e-02
-2.962718605995178223e-01
-1.437393903732299805e+00
8.893009424209594727e-01
4.490420222282409668e-01
-7.356765270233154297e-01
-1.661160141229629517e-01
-3.310139179229736328e-01
-1.219737648963928223e+00
-1.492738723754882812e-02
-1.112433671951293945e-01
7.251688838005065918e-02
-6.372865438461303711e-01
-8.704091310501098633e-01
5.921576023101806641e-01
-1.141227722167968750e+00
1.233920931816101074e+00
3.696356713771820068e-01
8.714754581451416016e-01
-3.702548742294311523e-01
-4.846722185611724854e-01
1.159450113773345947e-01
1.541063934564590454e-01
7.007343769073486328e-01
-6.054319143295288086e-01
-1.287926673889160156e+00
7.860015034675598145e-01
9.406176805496215820e-01
4.118394851684570312e-01
1.643618196249008179e-02
-9.466902017593383789e-01
2.450680971145629883e+00
-7.495462894439697266e-02
1.174206256866455078e+00
-2.339245319366455078e+00
-8.619653582572937012e-01
7.243394851684570312e-02
-6.486314535140991211e-01
-1.308548331260681152e+00
8.758858442306518555e-01
-1.075066089630126953e+00
-2.197935283184051514e-01
-5.436294674873352051e-01
-1.039879560470581055e+00
2.024730682373046875e+00
-1.623812317848205566e+00
-1.061226487159729004e+00
9.482501745223999023e-01
5.762962102890014648e-01
1.029268026351928711e+00
-1.544239163398742676e+00
4.709989428520202637e-01
1.485777854919433594e+00
1.763413310050964355e+00
-8.861339688301086426e-01
1.275338828563690186e-01
1.180730611085891724e-01
1.338065385818481445e+00
7.918276786804199219e-01
5.248945951461791992e-01
-2.532204985618591309e-01
5.112284421920776367e-01
-1.282882452011108398e+00
-6.196228861808776855e-01
-1.556672453880310059e+00
-6.356744170188903809e-01
9.122895002365112305e-01
8.608637452125549316e-01
6.283369064331054688e-01
-1.411652088165283203e+00
-1.074315309524536133e+00
9.937412142753601074e-01
-4.540282487869262695e-01
-2.800927758216857910e-01
3.190961480140686035e-01
-3.033536672592163086e-01
-1.675895214080810547e+00
-7.896553277969360352e-01
-3.820454478263854980e-01
-4.512582719326019287e-01
-1.008843541145324707e+00
2.730076313018798828e+00
7.132696509361267090e-01
-3.168046772480010986e-01
2.114950180053710938e+00
3.989499211311340332e-01
7.523640990257263184e-01
-2.276551485061645508e+00
-1.234987139701843262e+00
1.055191457271575928e-01
9.656308889389038086e-01
-1.502810597419738770e+00
9.130233526229858398e-01
-1.363239407539367676e+00
5.610622167587280273e-01
6.617336869239807129e-01
4.317861199378967285e-01
5.282920598983764648e-01
2.275414764881134033e-01
-7.334712147712707520e-01
-6.507964134216308594e-01
4.264242053031921387e-01
-7.725828140974044800e-02
8.070662021636962891e-01
-4.739429652690887451e-01
-9.992905855178833008e-01
1.860160827636718750e-01
-7.458499670028686523e-01
-1.326361179351806641e+00
2.786053121089935303e-01
5.915569067001342773e-01
-7.830010056495666504e-01
-1.845702528953552246e+00
-4.662497639656066895e-01
1.609312891960144043e-01
-3.132731020450592041e-01
1.555494070053100586e-01
-3.339574858546257019e-02
-1.783374309539794922e+00
-9.887294769287109375e-01
5.216206908226013184e-01
-1.089536070823669434e+00
1.055872082710266113e+00
6.760707497596740723e-01
3.169557452201843262e-02
3.695279359817504883e-01
-5.464187860488891602e-01
1.518789172172546387e+00
2.645308971405029297e+00
3.699724674224853516e-01
-9.084113836288452148e-01
1.336293697357177734e+00
3.897836208343505859e-01
1.479111075401306152e+00
-1.116847872734069824e+00
4.069682955741882324e-02
8.892788290977478027e-01
8.188678026199340820e-01
2.669715285301208496e-01
-1.934899091720581055e+00
-6.801545023918151855e-01
-3.754780590534210205e-01
-7.132045030593872070e-01
1.709514856338500977e-01
2.393966913223266602e+00
2.207705378532409668e-01
1.510776996612548828e+00
-4.261110424995422363e-01
-4.955923557281494141e-02
1.497197151184082031e-02
1.104488968849182129e+00
2.550283670425415039e-01
-5.866770148277282715e-01
1.647056460380554199e+00
3.442400693893432617e-02
7.559711337089538574e-01
6.999015063047409058e-02
1.337022781372070312e-01
5.968643426895141602e-01
-2.543866634368896484e-01
-2.009511470794677734e+00
1.068114757537841797e+00
-9.072918891906738281e-01
-5.196397900581359863e-01
1.762607812881469727e+00
-1.413737058639526367e+00
1.640532970428466797e+00
8.410056829452514648e-01
-1.373088955879211426e+00
-1.464285850524902344e-01
-1.347558259963989258e+00
9.240784645080566406e-01
5.769991874694824219e-02
8.073838949203491211e-01
5.510782003402709961e-01
-1.348739743232727051e+00
4.436092376708984375e-01
1.829732656478881836e+00
-4.057163000106811523e-02
-5.014809370040893555e-01
-5.240952372550964355e-01
-8.615896105766296387e-01
-1.304491877555847168e+00
-7.436127662658691406e-01
2.475913763046264648e+00
1.472809314727783203e+00
4.929167330265045166e-01
5.711117982864379883e-01
5.467569828033447266e-01
-8.262395858764648438e-01
8.685768842697143555e-01
5.088971257209777832e-01
3.757149875164031982e-01
-9.170820713043212891e-01
8.936367630958557129e-01
1.075411736965179443e-01
1.034242630004882812e+00
9.829748868942260742e-01
-5.752165317535400391e-01
9.840962886810302734e-01
4.799134135246276855e-01
-2.617474555969238281e+00
5.406103134155273438e-01
3.264930844306945801e-02
-1.434594392776489258e-02
-9.724822640419006348e-01
7.475966215133666992e-01
-6.634886264801025391e-01
-2.091437578201293945e-03
1.909580826759338379e-02
1.512518882751464844e+00
1.320062577724456787e-02
1.517184138298034668e+00
-3.422914445400238037e-02
-9.066160321235656738e-01
1.520580202341079712e-01
6.980018615722656250e-01
8.598095178604125977e-01
-1.637827157974243164e-01
-1.385413289070129395e+00
1.954998970031738281e+00
4.037624597549438477e-01
3.661584854125976562e-01
-4.549589157104492188e-01
1.205195188522338867e+00
-1.845667362213134766e+00
-5.223229527473449707e-01
1.184111833572387695e+00
-6.313918828964233398e-01
-4.379698038101196289e-01
-3.912761807441711426e-01
-8.593848943710327148e-01
1.280469536781311035e+00
5.070924162864685059e-01
-1.634454280138015747e-01
4.834508299827575684e-01
-1.106487631797790527e+00
5.019825100898742676e-01
1.200789570808410645e+00
-1.666774272918701172e+00
-7.885766029357910156e-01
-1.168140172958374023e-01
-7.169005274772644043e-01
-3.113615512847900391e-02
7.066522240638732910e-01
-1.452335566282272339e-01
-1.373803138732910156e+00
4.328533411026000977e-01
-1.648429393768310547e+00
5.397654771804809570e-01
-6.444000601768493652e-01
-7.264299392700195312e-01
-1.601162672042846680e+00
-7.383126020431518555e-02
9.711818099021911621e-01
-1.529527902603149414e+00
-1.762731075286865234e+00
-9.540545940399169922e-01
2.141456604003906250e-01
3.896391391754150391e-01
-9.071226716041564941e-01
4.284816980361938477e-02
5.964537262916564941e-01
-1.564049720764160156e+00
-2.055843591690063477e+00
-7.336561679840087891e-01
3.812116682529449463e-01
1.744684576988220215e-01
-6.743440628051757812e-01
8.760606646537780762e-01
-5.649895071983337402e-01
2.222599089145660400e-01
1.067820549011230469e+00
3.257324099540710449e-01
-2.493962049484252930e-01
9.817796945571899414e-01
-1.170861423015594482e-01
-5.962568521499633789e-01
3.762294948101043701e-01
6.093019247055053711e-02
1.105416640639305115e-01
-9.855290055274963379e-01
-4.388253986835479736e-01
1.431244134902954102e+00
-1.208027601242065430e+00
-6.209793686866760254e-01
-1.308726787567138672e+00
3.282351791858673096e-01
9.349307417869567871e-01
9.747639298439025879e-01
-7.387762069702148438e-01
9.768385887145996094e-01
1.155286431312561035e-01
1.631910681724548340e+00
9.472025632858276367e-01
6.526291370391845703e-02
2.185388952493667603e-01
-9.360074996948242188e-03
7.288199663162231445e-01
1.366330236196517944e-01
-6.695870757102966309e-01
7.710782289505004883e-01
1.605680942535400391e+00
-1.059163734316825867e-02
4.241142868995666504e-01
3.243267536163330078e-02
-8.030617237091064453e-01
-1.185366272926330566e+00
4.564440250396728516e-01
-5.143870115280151367e-01
2.255645394325256348e-02
-3.237111270427703857e-01
5.360116958618164062e-01
-5.289376378059387207e-01
1.588705301284790039e+00
4.926186203956604004e-01
6.511121988296508789e-01
-3.596173524856567383e-01
-1.686722636222839355e+00
1.319905757904052734e+00
-1.484875559806823730e+00
2.665708363056182861e-01
8.484125137329101562e-03
5.804589986801147461e-01
-7.055498361587524414e-01
-3.210662305355072021e-01
1.225700616836547852e+00
-1.440101146697998047e+00
1.421952843666076660e-01
5.368307828903198242e-01
7.229649424552917480e-01
-9.606937766075134277e-01
1.109735965728759766e-01
2.312898635864257812e-03
-3.633757233619689941e-01
8.789365291595458984e-01
1.647417783737182617e+00
-2.029948532581329346e-01
1.046804189682006836e+00
-4.817466735839843750e-01
8.416535854339599609e-01
1.337021589279174805e-02
-1.579454183578491211e+00
1.653141021728515625e+00
7.930072546005249023e-01
-1.055259943008422852e+00
-8.877539634704589844e-01
7.780760526657104492e-02
2.117123603820800781e-01
-1.092419862747192383e+00
-1.671275645494461060e-01
5.625382661819458008e-01
-6.093271970748901367e-01
-7.346864938735961914e-01
-4.728167951107025146e-01
-4.718974232673645020e-01
4.976194202899932861e-01
4.202750325202941895e-01
4.644951224327087402e-01
2.335075438022613525e-01
-1.179153800010681152e+00
-2.141535282135009766e-03
-1.345667839050292969e-01
4.888250827789306641e-01
-2.234663814306259155e-01
-6.999204158782958984e-01
8.225408792495727539e-01
1.754117906093597412e-01
-3.126379847526550293e-01
-1.447125822305679321e-01
-6.510044336318969727e-01
-8.947493433952331543e-01
2.237161159515380859e+00
2.031660079956054688e-02
2.578749060630798340e-01
2.314553707838058472e-01
3.747886419296264648e-01
-2.606027126312255859e+00
-3.239054977893829346e-01
8.684215545654296875e-01
1.275541782379150391e-01
7.250771522521972656e-01
-5.511176586151123047e-01
4.935602843761444092e-01
-2.169579267501831055e-02
-9.474548101425170898e-01
3.703565001487731934e-01
1.201392769813537598e+00
4.281772971153259277e-01
3.640573024749755859e-01
-3.062281012535095215e-01
-3.785998225212097168e-01
-1.324854254722595215e+00
-1.061128377914428711e-01
1.117922186851501465e+00
1.054705679416656494e-01
5.552085638046264648e-01
-1.191778063774108887e+00
1.575149536132812500e+00
1.226159453392028809e+00
-5.418060421943664551e-01
7.949500083923339844e-01
8.122351169586181641e-01
2.282863855361938477e-01
-1.034634232521057129e+00
5.408644080162048340e-01
2.114548921585083008e+00
-2.159312367439270020e-02
-7.478457689285278320e-01
-6.612728238105773926e-01
-3.230875730514526367e-01
-1.342158317565917969e-01
-3.873565196990966797e-01
2.708139419555664062e-01
8.226589858531951904e-02
5.232676267623901367e-01
-5.899824500083923340e-01
9.183675646781921387e-01
-1.838845729827880859e+00
7.342728972434997559e-01
-8.553064465522766113e-01
-8.614862561225891113e-01
1.461091637611389160e-01
3.169912695884704590e-01
3.411241471767425537e-01
4.859280288219451904e-01
1.219385147094726562e+00
-2.011522650718688965e-02
1.666964650154113770e+00
-2.045526504516601562e+00
-6.735176444053649902e-01
-3.284090757369995117e-01
-1.681975722312927246e-01
-1.309576034545898438e-01
-1.125888824462890625e-01
6.917985081672668457e-01
1.036556005477905273e+00
1.009794831275939941e+00
3.633854091167449951e-01
-1.283864974975585938e-01
-6.825166344642639160e-01
5.085719823837280273e-01
-7.166128754615783691e-01
6.794018745422363281e-01
3.947570919990539551e-02
-1.148900747299194336e+00
2.794724702835083008e-01
-3.663075268268585205e-01
-1.550280332565307617e+00
5.390359163284301758e-01
-1.420228242874145508e+00
-8.427139520645141602e-01
1.701824665069580078e-01
1.438454866409301758e+00
-4.641166925430297852e-01
1.474720358848571777e+00
-4.418338537216186523e-01
1.579562187194824219e+00
-9.778692722320556641e-01
3.718661069869995117e-01
1.470547199249267578e+00
5.070689320564270020e-02
-1.129342615604400635e-01
-4.698529094457626343e-02
-1.411038935184478760e-01
-4.059576988220214844e-02
-2.025234699249267578e+00
-4.191389083862304688e-01
1.440545558929443359e+00
-4.093319773674011230e-01
4.556955397129058838e-02
-1.303280293941497803e-01
-3.343856334686279297e-02
1.242191195487976074e-01
-8.223796486854553223e-01
2.142658710479736328e+00
4.496874511241912842e-01
3.955275192856788635e-02
-3.312346935272216797e-01
-2.098762273788452148e+00
7.606061697006225586e-01
-2.419043183326721191e-01
-7.211641669273376465e-01
-7.086961269378662109e-01
1.079879999160766602e+00
1.459908604621887207e+00
8.682358264923095703e-01
-1.094662845134735107e-01
-2.423993200063705444e-01
5.570074319839477539e-01
-6.050585508346557617e-01
1.157584309577941895e+00
1.077690839767456055e+00
-1.700426101684570312e+00
-7.375376820564270020e-01
-1.395738124847412109e-01
-2.114824056625366211e-01
1.974368095397949219e+00
1.254490017890930176e-01
3.858799338340759277e-01
1.042128801345825195e+00
-2.338047504425048828e+00
8.111538887023925781e-01
1.078744649887084961e+00
6.530596613883972168e-01
7.828900814056396484e-01
-9.028031229972839355e-01
-5.446510910987854004e-01
1.154071390628814697e-01
-6.979364156723022461e-01
7.964210510253906250e-01
-1.084222793579101562e-01
-3.708097338676452637e-02
-1.557017117738723755e-01
-7.953817844390869141e-01
1.198834180831909180e-02
2.671288847923278809e-01
-1.086547851562500000e+00
-1.142560690641403198e-01
-3.158711194992065430e-01
-1.261267066001892090e+00
-3.399386107921600342e-01
6.722915172576904297e-01
7.519665360450744629e-01
4.020881652832031250e-02
-1.279150128364562988e+00
1.735516190528869629e-01
-1.346932172775268555e+00
8.848034143447875977e-01
6.162755489349365234e-01
2.719244360923767090e-01
-5.154038667678833008e-01
-6.711294651031494141e-01
1.425792276859283447e-01
4.779506325721740723e-01
4.895730316638946533e-01
-9.837799072265625000e-01
-4.708613455295562744e-01
1.184473872184753418e+00
7.846183180809020996e-01
4.866594076156616211e-02
-6.573672890663146973e-01
-5.831079483032226562e-01
2.354169607162475586e+00
-5.706232786178588867e-01
3.529962897300720215e-01
-1.893776416778564453e+00
-9.672430753707885742e-01
-3.596332073211669922e-01
-6.940834522247314453e-01
-1.528120398521423340e+00
1.931562125682830811e-01
-4.324397742748260498e-01
-1.820534281432628632e-02
-6.221098899841308594e-01
1.834674477577209473e-01
1.803480148315429688e+00
-1.472590804100036621e+00
-3.597761690616607666e-01
1.296799063682556152e+00
1.532720088958740234e+00
1.040590047836303711e+00
-1.560225129127502441e+00
9.011747241020202637e-01
1.676638960838317871e+00
1.620915055274963379e+00
-1.211818575859069824e+00
-3.095414638519287109e-01
2.507741749286651611e-01
1.244744777679443359e+00
5.002244710922241211e-01
5.203769207000732422e-01
-1.058279275894165039e+00
4.983976483345031738e-01
-7.004354000091552734e-01
-9.330695867538452148e-01
-2.039990425109863281e+00
-7.784963250160217285e-01
7.483252286911010742e-01
9.608730673789978027e-01
5.187286138534545898e-01
-1.069923996925354004e+00
-8.212859034538269043e-01
6.840490698814392090e-01
-1.021285653114318848e-01
-7.519052624702453613e-01
6.883546710014343262e-01
-3.597737550735473633e-01
-1.649246096611022949e+00
-2.260159552097320557e-01
-1.131202280521392822e-01
-9.649980068206787109e-01
-1.135892391204833984e+00
2.841607570648193359e+00
5.780867934226989746e-01
2.065357565879821777e-02
1.830050826072692871e+00
2.517700195312500000e-01
